24
22
22
22
21
21
25
20
19
33
25
24
27
23
23
23
23
22
22
23
27
26
20
21
22
21
21
22
21
20
20
21
20
19
19
21
18
23
23
32
23
26
23
22
22
22
21
21
21
21
20
28
28
33
25
24
24
23
23
22
22
21
31
30
29
29
28
26
26
25
25
25
26
26
26
26
30
28
27
26
26
25
24
24
23
22
22
24
21
23
22
24
24
24
24
24
40
26
23
24
24
21
29
23
26
24
23
22
28
21
19
19
24
18
20
20
20
19
19
28
21
21
20
21
21
25
25
28
24
30
23
28
22
29
31
24
20
25
21
23
36
30
28
28
28
27
26
28
26
25
24
25
24
22
22
22
24
24
24
23
25
23
22
22
30
22
22
22
22
22
25
27
27
30
26
26
26
28
25
27
27
26
28
28
28
27
27
29
25
23
23
23
22
22
23
22
30
22
31
31
22
22
