13
12
13
12
17
10
13
12
14
22
12
13
10
20
16
13
13
14
14
12
14
14
13
13
12
15
14
16
13
13
13
12
12
12
11
10
12
13
13
14
13
13
13
12
12
17
15
15
15
15
14
14
14
13
13
14
12
15
14
12
27
21
20
20
19
18
17
17
16
15
14
14
13
14
13
12
11
14
13
14
14
13
17
16
11
13
21
13
13
12
13
19
12
13
13
13
15
12
14
12
12
16
15
13
16
16
16
15
15
13
14
13
13
12
15
14
14
13
13
12
13
11
11
20
15
14
12
19
11
14
13
12
18
11
16
12
13
15
13
13
15
13
10
14
16
16
16
16
16
18
16
16
16
15
18
14
15
13
18
12
14
11
14
13
12
13
13
13
12
18
11
13
18
18
18
18
17
17
16
22
15
20
13
12
14
14
11
12
12
14
12
14
19
11
11
11
18
18
14
14
17
13
